(kicad_pcb (version 20171130) (host pcbnew 5.1.10-88a1d61d58~90~ubuntu20.04.1)

  (general
    (thickness 1.6)
    (drawings 23)
    (tracks 238)
    (zones 0)
    (modules 28)
    (nets 39)
  )

  (page A4)
  (layers
    (0 F.Cu signal)
    (31 B.Cu signal)
    (32 B.Adhes user)
    (33 F.Adhes user)
    (34 B.Paste user)
    (35 F.Paste user)
    (36 B.SilkS user)
    (37 F.SilkS user)
    (38 B.Mask user)
    (39 F.Mask user)
    (40 Dwgs.User user)
    (41 Cmts.User user)
    (42 Eco1.User user)
    (43 Eco2.User user)
    (44 Edge.Cuts user)
    (45 Margin user)
    (46 B.CrtYd user)
    (47 F.CrtYd user)
    (48 B.Fab user)
    (49 F.Fab user)
  )

  (setup
    (last_trace_width 0.5)
    (user_trace_width 0.5)
    (user_trace_width 0.8)
    (user_trace_width 1)
    (user_trace_width 1.5)
    (user_trace_width 2)
    (trace_clearance 0.2)
    (zone_clearance 0.508)
    (zone_45_only no)
    (trace_min 0.2)
    (via_size 0.6)
    (via_drill 0.4)
    (via_min_size 0.4)
    (via_min_drill 0.3)
    (user_via 1.6 0.8)
    (user_via 3.1 3)
    (user_via 3.2 1.2)
    (user_via 4.1 4)
    (uvia_size 0.3)
    (uvia_drill 0.1)
    (uvias_allowed no)
    (uvia_min_size 0.2)
    (uvia_min_drill 0.1)
    (edge_width 0.1)
    (segment_width 0.2)
    (pcb_text_width 0.3)
    (pcb_text_size 1.5 1.5)
    (mod_edge_width 0.15)
    (mod_text_size 1 1)
    (mod_text_width 0.15)
    (pad_size 9 9)
    (pad_drill 4.2)
    (pad_to_mask_clearance 0)
    (aux_axis_origin 0 0)
    (visible_elements 7FFFFFFF)
    (pcbplotparams
      (layerselection 0x010f0_ffffffff)
      (usegerberextensions false)
      (usegerberattributes false)
      (usegerberadvancedattributes false)
      (creategerberjobfile false)
      (excludeedgelayer true)
      (linewidth 0.100000)
      (plotframeref false)
      (viasonmask false)
      (mode 1)
      (useauxorigin false)
      (hpglpennumber 1)
      (hpglpenspeed 20)
      (hpglpendiameter 15.000000)
      (psnegative false)
      (psa4output false)
      (plotreference true)
      (plotvalue true)
      (plotinvisibletext false)
      (padsonsilk false)
      (subtractmaskfromsilk false)
      (outputformat 1)
      (mirror false)
      (drillshape 0)
      (scaleselection 1)
      (outputdirectory ""))
  )

  (net 0 "")
  (net 1 GND)
  (net 2 +BATT)
  (net 3 +5V)
  (net 4 +3V3)
  (net 5 "Net-(D1-Pad2)")
  (net 6 "Net-(J1-Pad1)")
  (net 7 /MotorL/ENCODER_2)
  (net 8 /MotorL/ENCODER_1)
  (net 9 "Net-(P1-Pad2)")
  (net 10 "Net-(P1-Pad1)")
  (net 11 /MotorR/ENC_R_2)
  (net 12 /MotorR/ENC_R_1)
  (net 13 "Net-(P2-Pad2)")
  (net 14 "Net-(P2-Pad1)")
  (net 15 /MotorL/PWM_1)
  (net 16 /MotorL/PWM_2)
  (net 17 /Microcontroller/BATTERY_VOLTAGE)
  (net 18 /MotorR/ENCODER_1)
  (net 19 /MotorR/ENCODER_2)
  (net 20 /MotorR/PWM_1)
  (net 21 /MotorR/PWM_2)
  (net 22 "Net-(U1-Pad1)")
  (net 23 "Net-(U1-Pad3)")
  (net 24 "Net-(U1-Pad18)")
  (net 25 /Radio/CE)
  (net 26 "Net-(U1-Pad20)")
  (net 27 /Radio/CSN)
  (net 28 /Radio/SCK)
  (net 29 "Net-(U1-Pad22)")
  (net 30 /Radio/MISO)
  (net 31 "Net-(U1-Pad23)")
  (net 32 /Radio/MOSI)
  (net 33 "Net-(U1-Pad24)")
  (net 34 /Radio/IRQ)
  (net 35 "Net-(U1-Pad25)")
  (net 36 "Net-(U1-Pad12)")
  (net 37 "Net-(U1-Pad26)")
  (net 38 "Net-(U1-Pad13)")

  (net_class Default "This is the default net class."
    (clearance 0.2)
    (trace_width 0.25)
    (via_dia 0.6)
    (via_drill 0.4)
    (uvia_dia 0.3)
    (uvia_drill 0.1)
    (add_net +3V3)
    (add_net +5V)
    (add_net +BATT)
    (add_net /Microcontroller/BATTERY_VOLTAGE)
    (add_net /MotorL/ENCODER_1)
    (add_net /MotorL/ENCODER_2)
    (add_net /MotorL/PWM_1)
    (add_net /MotorL/PWM_2)
    (add_net /MotorR/ENCODER_1)
    (add_net /MotorR/ENCODER_2)
    (add_net /MotorR/ENC_R_1)
    (add_net /MotorR/ENC_R_2)
    (add_net /MotorR/PWM_1)
    (add_net /MotorR/PWM_2)
    (add_net /Radio/CE)
    (add_net /Radio/CSN)
    (add_net /Radio/IRQ)
    (add_net /Radio/MISO)
    (add_net /Radio/MOSI)
    (add_net /Radio/SCK)
    (add_net GND)
    (add_net "Net-(D1-Pad2)")
    (add_net "Net-(J1-Pad1)")
    (add_net "Net-(P1-Pad1)")
    (add_net "Net-(P1-Pad2)")
    (add_net "Net-(P2-Pad1)")
    (add_net "Net-(P2-Pad2)")
    (add_net "Net-(U1-Pad1)")
    (add_net "Net-(U1-Pad12)")
    (add_net "Net-(U1-Pad13)")
    (add_net "Net-(U1-Pad18)")
    (add_net "Net-(U1-Pad20)")
    (add_net "Net-(U1-Pad22)")
    (add_net "Net-(U1-Pad23)")
    (add_net "Net-(U1-Pad24)")
    (add_net "Net-(U1-Pad25)")
    (add_net "Net-(U1-Pad26)")
    (add_net "Net-(U1-Pad3)")
  )

  (net_class "Trilha 0,5 mm" ""
    (clearance 0.5)
    (trace_width 0.5)
    (via_dia 0.6)
    (via_drill 0.4)
    (uvia_dia 0.3)
    (uvia_drill 0.1)
  )

  (net_class "Trilha 1 mm" ""
    (clearance 0.5)
    (trace_width 1)
    (via_dia 0.6)
    (via_drill 0.4)
    (uvia_dia 0.3)
    (uvia_drill 0.1)
  )

  (module Capacitor_SMD:C_1206_3216Metric_Pad1.42x1.75mm_HandSolder (layer F.Cu) (tedit 5B301BBE) (tstamp 5F56FC7D)
    (at 130.6875 96)
    (descr "Capacitor SMD 1206 (3216 Metric), square (rectangular) end terminal, IPC_7351 nominal with elongated pad for handsoldering. (Body size source: http://www.tortai-tech.com/upload/download/2011102023233369053.pdf), generated with kicad-footprint-generator")
    (tags "capacitor handsolder")
    (path /5884E5A9/5884E972)
    (attr smd)
    (fp_text reference C6 (at 3.5125 -0.4) (layer F.SilkS)
      (effects (font (size 1 1) (thickness 0.15)))
    )
    (fp_text value 100nF (at 0 1.82) (layer F.Fab)
      (effects (font (size 1 1) (thickness 0.15)))
    )
    (fp_line (start 2.45 1.12) (end -2.45 1.12) (layer F.CrtYd) (width 0.05))
    (fp_line (start 2.45 -1.12) (end 2.45 1.12) (layer F.CrtYd) (width 0.05))
    (fp_line (start -2.45 -1.12) (end 2.45 -1.12) (layer F.CrtYd) (width 0.05))
    (fp_line (start -2.45 1.12) (end -2.45 -1.12) (layer F.CrtYd) (width 0.05))
    (fp_line (start -0.602064 0.91) (end 0.602064 0.91) (layer F.SilkS) (width 0.12))
    (fp_line (start -0.602064 -0.91) (end 0.602064 -0.91) (layer F.SilkS) (width 0.12))
    (fp_line (start 1.6 0.8) (end -1.6 0.8) (layer F.Fab) (width 0.1))
    (fp_line (start 1.6 -0.8) (end 1.6 0.8) (layer F.Fab) (width 0.1))
    (fp_line (start -1.6 -0.8) (end 1.6 -0.8) (layer F.Fab) (width 0.1))
    (fp_line (start -1.6 0.8) (end -1.6 -0.8) (layer F.Fab) (width 0.1))
    (fp_text user %R (at 0 0) (layer F.Fab)
      (effects (font (size 0.8 0.8) (thickness 0.12)))
    )
    (pad 2 smd roundrect (at 1.4875 0) (size 1.425 1.75) (layers F.Cu F.Paste F.Mask) (roundrect_rratio 0.175439)
      (net 1 GND))
    (pad 1 smd roundrect (at -1.4875 0) (size 1.425 1.75) (layers F.Cu F.Paste F.Mask) (roundrect_rratio 0.175439)
      (net 3 +5V))
    (model ${KISYS3DMOD}/Capacitor_SMD.3dshapes/C_1206_3216Metric.wrl
      (at (xyz 0 0 0))
      (scale (xyz 1 1 1))
      (rotate (xyz 0 0 0))
    )
  )

  (module lib:NUCLEO-F3 (layer F.Cu) (tedit 5F56452A) (tstamp 5F56FF3E)
    (at 141.53642 77.7875)
    (descr "28-lead though-hole mounted DIP package, row spacing 15.24 mm (600 mils), Socket, LongPads")
    (tags "THT DIP DIL PDIP 2.54mm 15.24mm 600mil Socket LongPads")
    (path /583B6F17/5B473CAD)
    (fp_text reference U1 (at 7.62 -2.33 180) (layer F.SilkS)
      (effects (font (size 1 1) (thickness 0.15)))
    )
    (fp_text value NUCLEO-F303K8 (at 7.62 38.1 180) (layer F.Fab)
      (effects (font (size 1 1) (thickness 0.15)))
    )
    (fp_line (start 1.255 -1.27) (end 14.985 -1.27) (layer F.Fab) (width 0.1))
    (fp_line (start 14.985 -1.27) (end 14.985 36.83) (layer F.Fab) (width 0.1))
    (fp_line (start 14.985 36.83) (end 0.255 36.83) (layer F.Fab) (width 0.1))
    (fp_line (start 0.255 36.83) (end 0.255 -0.27) (layer F.Fab) (width 0.1))
    (fp_line (start 0.255 -0.27) (end 1.255 -1.27) (layer F.Fab) (width 0.1))
    (fp_line (start -1.27 -1.33) (end -1.27 36.89) (layer F.Fab) (width 0.1))
    (fp_line (start -1.27 36.89) (end 16.51 36.89) (layer F.Fab) (width 0.1))
    (fp_line (start 16.51 36.89) (end 16.51 -1.33) (layer F.Fab) (width 0.1))
    (fp_line (start 16.51 -1.33) (end -1.27 -1.33) (layer F.Fab) (width 0.1))
    (fp_line (start 6.62 -1.33) (end 1.56 -1.33) (layer F.SilkS) (width 0.12))
    (fp_line (start 1.56 -1.33) (end 1.56 36.89) (layer F.SilkS) (width 0.12))
    (fp_line (start 1.56 36.89) (end 13.68 36.89) (layer F.SilkS) (width 0.12))
    (fp_line (start 13.68 36.83) (end 13.68 -1.33) (layer F.SilkS) (width 0.12))
    (fp_line (start 13.68 -1.33) (end 8.62 -1.33) (layer F.SilkS) (width 0.12))
    (fp_line (start -1.44 -1.39) (end -1.44 36.95) (layer F.SilkS) (width 0.12))
    (fp_line (start -1.44 36.95) (end 16.68 36.95) (layer F.SilkS) (width 0.12))
    (fp_line (start 16.68 36.95) (end 16.68 -1.39) (layer F.SilkS) (width 0.12))
    (fp_line (start 16.68 -1.39) (end -1.44 -1.39) (layer F.SilkS) (width 0.12))
    (fp_line (start -1.55 -1.6) (end -1.55 37.19) (layer F.CrtYd) (width 0.05))
    (fp_line (start -1.55 37.19) (end 16.8 37.19) (layer F.CrtYd) (width 0.05))
    (fp_line (start 16.8 37.19) (end 16.8 -1.6) (layer F.CrtYd) (width 0.05))
    (fp_line (start 16.8 -1.6) (end -1.55 -1.6) (layer F.CrtYd) (width 0.05))
    (fp_text user %R (at 7.62 16.51 180) (layer F.Fab)
      (effects (font (size 1 1) (thickness 0.15)))
    )
    (fp_arc (start 7.62 -1.33) (end 6.62 -1.33) (angle -180) (layer F.SilkS) (width 0.12))
    (pad 30 thru_hole oval (at 15.24 0) (size 2.4 1.6) (drill 0.8) (layers *.Cu *.Mask)
      (net 7 /MotorL/ENCODER_2))
    (pad 15 thru_hole oval (at 0 35.56) (size 2.4 1.6) (drill 0.8) (layers *.Cu *.Mask)
      (net 2 +BATT))
    (pad 28 thru_hole oval (at 15.24 5.08) (size 2.4 1.6) (drill 0.8) (layers *.Cu *.Mask)
      (net 16 /MotorL/PWM_2))
    (pad 14 thru_hole oval (at 0 33.02) (size 2.4 1.6) (drill 0.8) (layers *.Cu *.Mask)
      (net 1 GND))
    (pad 27 thru_hole oval (at 15.24 7.62) (size 2.4 1.6) (drill 0.8) (layers *.Cu *.Mask)
      (net 15 /MotorL/PWM_1))
    (pad 13 thru_hole oval (at 0 30.48) (size 2.4 1.6) (drill 0.8) (layers *.Cu *.Mask)
      (net 38 "Net-(U1-Pad13)"))
    (pad 26 thru_hole oval (at 15.24 10.16) (size 2.4 1.6) (drill 0.8) (layers *.Cu *.Mask)
      (net 37 "Net-(U1-Pad26)"))
    (pad 12 thru_hole oval (at 0 27.94) (size 2.4 1.6) (drill 0.8) (layers *.Cu *.Mask)
      (net 36 "Net-(U1-Pad12)"))
    (pad 25 thru_hole oval (at 15.24 12.7) (size 2.4 1.6) (drill 0.8) (layers *.Cu *.Mask)
      (net 35 "Net-(U1-Pad25)"))
    (pad 11 thru_hole oval (at 0 25.4) (size 2.4 1.6) (drill 0.8) (layers *.Cu *.Mask)
      (net 34 /Radio/IRQ))
    (pad 24 thru_hole oval (at 15.24 15.24) (size 2.4 1.6) (drill 0.8) (layers *.Cu *.Mask)
      (net 33 "Net-(U1-Pad24)"))
    (pad 10 thru_hole oval (at 0 22.86) (size 2.4 1.6) (drill 0.8) (layers *.Cu *.Mask)
      (net 32 /Radio/MOSI))
    (pad 23 thru_hole oval (at 15.24 17.78) (size 2.4 1.6) (drill 0.8) (layers *.Cu *.Mask)
      (net 31 "Net-(U1-Pad23)"))
    (pad 9 thru_hole oval (at 0 20.32) (size 2.4 1.6) (drill 0.8) (layers *.Cu *.Mask)
      (net 30 /Radio/MISO))
    (pad 22 thru_hole oval (at 15.24 20.32) (size 2.4 1.6) (drill 0.8) (layers *.Cu *.Mask)
      (net 29 "Net-(U1-Pad22)"))
    (pad 8 thru_hole oval (at 0 17.78) (size 2.4 1.6) (drill 0.8) (layers *.Cu *.Mask)
      (net 28 /Radio/SCK))
    (pad 21 thru_hole oval (at 15.24 22.86) (size 2.4 1.6) (drill 0.8) (layers *.Cu *.Mask)
      (net 17 /Microcontroller/BATTERY_VOLTAGE))
    (pad 7 thru_hole oval (at 0 15.24) (size 2.4 1.6) (drill 0.8) (layers *.Cu *.Mask)
      (net 27 /Radio/CSN))
    (pad 20 thru_hole oval (at 15.24 25.4) (size 2.4 1.6) (drill 0.8) (layers *.Cu *.Mask)
      (net 26 "Net-(U1-Pad20)"))
    (pad 6 thru_hole oval (at 0 12.7) (size 2.4 1.6) (drill 0.8) (layers *.Cu *.Mask)
      (net 25 /Radio/CE))
    (pad 19 thru_hole oval (at 15.24 27.94) (size 2.4 1.6) (drill 0.8) (layers *.Cu *.Mask)
      (net 1 GND))
    (pad 5 thru_hole oval (at 0 10.16) (size 2.4 1.6) (drill 0.8) (layers *.Cu *.Mask)
      (net 18 /MotorR/ENCODER_1))
    (pad 18 thru_hole oval (at 15.24 30.48) (size 2.4 1.6) (drill 0.8) (layers *.Cu *.Mask)
      (net 24 "Net-(U1-Pad18)"))
    (pad 4 thru_hole oval (at 0 7.62) (size 2.4 1.6) (drill 0.8) (layers *.Cu *.Mask)
      (net 19 /MotorR/ENCODER_2))
    (pad 17 thru_hole oval (at 15.24 33.02) (size 2.4 1.6) (drill 0.8) (layers *.Cu *.Mask)
      (net 21 /MotorR/PWM_2))
    (pad 3 thru_hole oval (at 0 5.08) (size 2.4 1.6) (drill 0.8) (layers *.Cu *.Mask)
      (net 23 "Net-(U1-Pad3)"))
    (pad 16 thru_hole oval (at 15.24 35.56) (size 2.4 1.6) (drill 0.8) (layers *.Cu *.Mask)
      (net 20 /MotorR/PWM_1))
    (pad 2 thru_hole oval (at 0 2.54) (size 2.4 1.6) (drill 0.8) (layers *.Cu *.Mask)
      (net 4 +3V3))
    (pad 29 thru_hole oval (at 15.24 2.54) (size 2.4 1.6) (drill 0.8) (layers *.Cu *.Mask)
      (net 8 /MotorL/ENCODER_1))
    (pad 1 thru_hole rect (at 0 0) (size 2.4 1.6) (drill 0.8) (layers *.Cu *.Mask)
      (net 22 "Net-(U1-Pad1)"))
    (model ${KISYS3DMOD}/Connector_PinSocket_2.54mm.3dshapes/PinSocket_1x15_P2.54mm_Vertical.wrl
      (at (xyz 0 0 0))
      (scale (xyz 1 1 1))
      (rotate (xyz 0 0 0))
    )
    (model ${KISYS3DMOD}/Connector_PinSocket_2.54mm.3dshapes/PinSocket_1x15_P2.54mm_Vertical.wrl
      (offset (xyz 15 0 0))
      (scale (xyz 1 1 1))
      (rotate (xyz 0 0 0))
    )
    (model ${KIPRJMOD}/lib/3D/NUCLEO-F303K8.STEP
      (offset (xyz 7.5 -20 7.5))
      (scale (xyz 1 1 1))
      (rotate (xyz 0 0 180))
    )
  )

  (module lib:NRF24L01 (layer F.Cu) (tedit 5F56448D) (tstamp 6120033B)
    (at 121.8 111.8 180)
    (descr NRF24L01)
    (tags "nRF 24 NRF24L01 NRF24L01+")
    (path /5912AF79/5912B0B4)
    (fp_text reference U4 (at 1 4.8) (layer F.SilkS)
      (effects (font (size 0.8 0.8) (thickness 0.16)))
    )
    (fp_text value nRF24L01+ (at -8.382 7.112) (layer F.Fab) hide
      (effects (font (size 0.8 0.8) (thickness 0.16)))
    )
    (fp_line (start -15.25 28.8) (end 0 28.8) (layer F.CrtYd) (width 0.15))
    (fp_line (start 0 28.8) (end 0 0) (layer F.CrtYd) (width 0.15))
    (fp_line (start 0 0) (end -15.25 0) (layer F.CrtYd) (width 0.15))
    (fp_line (start -15.25 0) (end -15.25 28.8) (layer F.CrtYd) (width 0.15))
    (fp_line (start -2.794 0.127) (end -0.127 0.127) (layer F.SilkS) (width 0.15))
    (fp_line (start -0.127 0.127) (end -0.127 2.794) (layer F.SilkS) (width 0.15))
    (fp_line (start 0 0) (end -15.25 0) (layer B.CrtYd) (width 0.15))
    (fp_line (start -15.25 0) (end -15.25 28.8) (layer B.CrtYd) (width 0.15))
    (fp_line (start -15.25 28.8) (end 0 28.8) (layer B.CrtYd) (width 0.15))
    (fp_line (start 0 28.8) (end 0 0) (layer B.CrtYd) (width 0.15))
    (fp_line (start -7.874 0.254) (end -10.414 0.254) (layer F.SilkS) (width 0.15))
    (fp_line (start -10.414 0.254) (end -10.414 2.794) (layer F.SilkS) (width 0.15))
    (fp_line (start -2.794 0.254) (end -2.794 2.794) (layer F.SilkS) (width 0.15))
    (fp_line (start -2.794 2.794) (end -0.254 2.794) (layer F.SilkS) (width 0.15))
    (fp_line (start -10.894 -0.226) (end -10.894 5.824) (layer F.CrtYd) (width 0.05))
    (fp_line (start 0.256 -0.226) (end 0.256 5.824) (layer F.CrtYd) (width 0.05))
    (fp_line (start -10.894 -0.226) (end 0.256 -0.226) (layer F.CrtYd) (width 0.05))
    (fp_line (start -10.894 5.824) (end 0.256 5.824) (layer F.CrtYd) (width 0.05))
    (fp_line (start -7.874 0.254) (end -0.254 0.254) (layer F.SilkS) (width 0.15))
    (fp_line (start -0.254 0.254) (end -0.254 5.334) (layer F.SilkS) (width 0.15))
    (fp_line (start -0.254 5.334) (end -10.414 5.334) (layer F.SilkS) (width 0.15))
    (fp_line (start -10.414 5.334) (end -10.414 2.794) (layer F.SilkS) (width 0.15))
    (pad 2 thru_hole oval (at -1.524 4.064 180) (size 1.7272 1.7272) (drill 1.016) (layers *.Cu *.Mask F.SilkS)
      (net 4 +3V3))
    (pad 1 thru_hole rect (at -1.524 1.524 180) (size 1.7272 1.7272) (drill 1.016) (layers *.Cu *.Mask F.SilkS)
      (net 1 GND))
    (pad 4 thru_hole oval (at -4.064 4.064 180) (size 1.7272 1.7272) (drill 1.016) (layers *.Cu *.Mask F.SilkS)
      (net 27 /Radio/CSN))
    (pad 3 thru_hole oval (at -4.064 1.524 180) (size 1.7272 1.7272) (drill 1.016) (layers *.Cu *.Mask F.SilkS)
      (net 25 /Radio/CE))
    (pad 6 thru_hole oval (at -6.604 4.064 180) (size 1.7272 1.7272) (drill 1.016) (layers *.Cu *.Mask F.SilkS)
      (net 32 /Radio/MOSI))
    (pad 5 thru_hole oval (at -6.604 1.524 180) (size 1.7272 1.7272) (drill 1.016) (layers *.Cu *.Mask F.SilkS)
      (net 28 /Radio/SCK))
    (pad 8 thru_hole oval (at -9.144 4.064 180) (size 1.7272 1.7272) (drill 1.016) (layers *.Cu *.Mask F.SilkS)
      (net 34 /Radio/IRQ))
    (pad 7 thru_hole oval (at -9.144 1.524 180) (size 1.7272 1.7272) (drill 1.016) (layers *.Cu *.Mask F.SilkS)
      (net 30 /Radio/MISO))
    (model ${KISYS3DMOD}/Connector_PinSocket_2.54mm.3dshapes/PinSocket_2x04_P2.54mm_Vertical.wrl
      (offset (xyz -1.5 -4 0))
      (scale (xyz 1 1 1))
      (rotate (xyz 0 0 90))
    )
    (model ${KIPRJMOD}/lib/3D/nRF24L01+_enhanced.stp
      (offset (xyz -7 -14.5 10.5))
      (scale (xyz 1 1 1))
      (rotate (xyz -90 0 90))
    )
  )

  (module Package_TO_SOT_SMD:SOT-89-3_Handsoldering (layer F.Cu) (tedit 5C33D6DD) (tstamp 612642AA)
    (at 131.35 100.3)
    (descr "SOT-89-3 Handsoldering")
    (tags "SOT-89-3 Handsoldering")
    (path /5884E5A9/599738EB)
    (attr smd)
    (fp_text reference U3 (at 4.45 -1.9 180) (layer F.SilkS)
      (effects (font (size 1 1) (thickness 0.15)))
    )
    (fp_text value LM78L05 (at 0.3 3.5) (layer F.Fab)
      (effects (font (size 1 1) (thickness 0.15)))
    )
    (fp_line (start -1.06 2.36) (end -1.06 2.13) (layer F.SilkS) (width 0.12))
    (fp_line (start -1.06 -2.36) (end -1.06 -2.13) (layer F.SilkS) (width 0.12))
    (fp_line (start -1.06 -2.36) (end 1.66 -2.36) (layer F.SilkS) (width 0.12))
    (fp_line (start -3.55 2.5) (end -3.55 -2.5) (layer F.CrtYd) (width 0.05))
    (fp_line (start -3.55 2.5) (end 3.55 2.5) (layer F.CrtYd) (width 0.05))
    (fp_line (start 3.55 -2.5) (end -3.55 -2.5) (layer F.CrtYd) (width 0.05))
    (fp_line (start 3.55 -2.5) (end 3.55 2.5) (layer F.CrtYd) (width 0.05))
    (fp_line (start 0.05 -2.25) (end 1.55 -2.25) (layer F.Fab) (width 0.1))
    (fp_line (start -0.95 2.25) (end -0.95 -1.25) (layer F.Fab) (width 0.1))
    (fp_line (start 1.55 2.25) (end -0.95 2.25) (layer F.Fab) (width 0.1))
    (fp_line (start 1.55 -2.25) (end 1.55 2.25) (layer F.Fab) (width 0.1))
    (fp_line (start -0.95 -1.25) (end 0.05 -2.25) (layer F.Fab) (width 0.1))
    (fp_line (start 1.66 -2.36) (end 1.66 -1.05) (layer F.SilkS) (width 0.12))
    (fp_line (start -2.2 -2.13) (end -1.06 -2.13) (layer F.SilkS) (width 0.12))
    (fp_line (start 1.66 2.36) (end -1.06 2.36) (layer F.SilkS) (width 0.12))
    (fp_line (start 1.66 1.05) (end 1.66 2.36) (layer F.SilkS) (width 0.12))
    (fp_text user %R (at 0.5 0) (layer F.Fab)
      (effects (font (size 1 1) (thickness 0.15)))
    )
    (pad 2 smd custom (at -2.0625 0) (size 2.475 0.9) (layers F.Cu F.Paste F.Mask)
      (net 1 GND) (zone_connect 2)
      (options (clearance outline) (anchor rect))
      (primitives
        (gr_poly (pts
           (xy 1.2375 -0.8665) (xy 5.3625 -0.8665) (xy 5.3625 0.8665) (xy 1.2375 0.8665)) (width 0))
      ))
    (pad 3 smd rect (at -2.15 1.5) (size 2.3 0.9) (layers F.Cu F.Paste F.Mask)
      (net 2 +BATT))
    (pad 1 smd rect (at -2.15 -1.5) (size 2.3 0.9) (layers F.Cu F.Paste F.Mask)
      (net 3 +5V))
    (model ${KISYS3DMOD}/Package_TO_SOT_SMD.3dshapes/SOT-89-3.wrl
      (at (xyz 0 0 0))
      (scale (xyz 1 1 1))
      (rotate (xyz 0 0 0))
    )
  )

  (module Package_DIP:DIP-16_W7.62mm_Socket_LongPads (layer F.Cu) (tedit 5A02E8C5) (tstamp 5F56FF6A)
    (at 167.58 82.26)
    (descr "16-lead though-hole mounted DIP package, row spacing 7.62 mm (300 mils), Socket, LongPads")
    (tags "THT DIP DIL PDIP 2.54mm 7.62mm 300mil Socket LongPads")
    (path /583B7CD9/5B477E90)
    (fp_text reference U2 (at -0.75 -2.38) (layer F.SilkS)
      (effects (font (size 1 1) (thickness 0.15)))
    )
    (fp_text value SN754410 (at 3.81 20.11) (layer F.Fab)
      (effects (font (size 1 1) (thickness 0.15)))
    )
    (fp_line (start 9.15 -1.6) (end -1.55 -1.6) (layer F.CrtYd) (width 0.05))
    (fp_line (start 9.15 19.4) (end 9.15 -1.6) (layer F.CrtYd) (width 0.05))
    (fp_line (start -1.55 19.4) (end 9.15 19.4) (layer F.CrtYd) (width 0.05))
    (fp_line (start -1.55 -1.6) (end -1.55 19.4) (layer F.CrtYd) (width 0.05))
    (fp_line (start 9.06 -1.39) (end -1.44 -1.39) (layer F.SilkS) (width 0.12))
    (fp_line (start 9.06 19.17) (end 9.06 -1.39) (layer F.SilkS) (width 0.12))
    (fp_line (start -1.44 19.17) (end 9.06 19.17) (layer F.SilkS) (width 0.12))
    (fp_line (start -1.44 -1.39) (end -1.44 19.17) (layer F.SilkS) (width 0.12))
    (fp_line (start 6.06 -1.33) (end 4.81 -1.33) (layer F.SilkS) (width 0.12))
    (fp_line (start 6.06 19.11) (end 6.06 -1.33) (layer F.SilkS) (width 0.12))
    (fp_line (start 1.56 19.11) (end 6.06 19.11) (layer F.SilkS) (width 0.12))
    (fp_line (start 1.56 -1.33) (end 1.56 19.11) (layer F.SilkS) (width 0.12))
    (fp_line (start 2.81 -1.33) (end 1.56 -1.33) (layer F.SilkS) (width 0.12))
    (fp_line (start 8.89 -1.33) (end -1.27 -1.33) (layer F.Fab) (width 0.1))
    (fp_line (start 8.89 19.11) (end 8.89 -1.33) (layer F.Fab) (width 0.1))
    (fp_line (start -1.27 19.11) (end 8.89 19.11) (layer F.Fab) (width 0.1))
    (fp_line (start -1.27 -1.33) (end -1.27 19.11) (layer F.Fab) (width 0.1))
    (fp_line (start 0.635 -0.27) (end 1.635 -1.27) (layer F.Fab) (width 0.1))
    (fp_line (start 0.635 19.05) (end 0.635 -0.27) (layer F.Fab) (width 0.1))
    (fp_line (start 6.985 19.05) (end 0.635 19.05) (layer F.Fab) (width 0.1))
    (fp_line (start 6.985 -1.27) (end 6.985 19.05) (layer F.Fab) (width 0.1))
    (fp_line (start 1.635 -1.27) (end 6.985 -1.27) (layer F.Fab) (width 0.1))
    (fp_text user %R (at 3.81 8.89) (layer F.Fab)
      (effects (font (size 1 1) (thickness 0.15)))
    )
    (fp_arc (start 3.81 -1.33) (end 2.81 -1.33) (angle -180) (layer F.SilkS) (width 0.12))
    (pad 16 thru_hole oval (at 7.62 0) (size 2.4 1.6) (drill 0.8) (layers *.Cu *.Mask)
      (net 3 +5V))
    (pad 8 thru_hole oval (at 0 17.78) (size 2.4 1.6) (drill 0.8) (layers *.Cu *.Mask)
      (net 2 +BATT))
    (pad 15 thru_hole oval (at 7.62 2.54) (size 2.4 1.6) (drill 0.8) (layers *.Cu *.Mask)
      (net 21 /MotorR/PWM_2))
    (pad 7 thru_hole oval (at 0 15.24) (size 2.4 1.6) (drill 0.8) (layers *.Cu *.Mask)
      (net 16 /MotorL/PWM_2))
    (pad 14 thru_hole oval (at 7.62 5.08) (size 2.4 1.6) (drill 0.8) (layers *.Cu *.Mask)
      (net 14 "Net-(P2-Pad1)"))
    (pad 6 thru_hole oval (at 0 12.7) (size 2.4 1.6) (drill 0.8) (layers *.Cu *.Mask)
      (net 10 "Net-(P1-Pad1)"))
    (pad 13 thru_hole oval (at 7.62 7.62) (size 2.4 1.6) (drill 0.8) (layers *.Cu *.Mask)
      (net 1 GND))
    (pad 5 thru_hole oval (at 0 10.16) (size 2.4 1.6) (drill 0.8) (layers *.Cu *.Mask)
      (net 1 GND))
    (pad 12 thru_hole oval (at 7.62 10.16) (size 2.4 1.6) (drill 0.8) (layers *.Cu *.Mask)
      (net 1 GND))
    (pad 4 thru_hole oval (at 0 7.62) (size 2.4 1.6) (drill 0.8) (layers *.Cu *.Mask)
      (net 1 GND))
    (pad 11 thru_hole oval (at 7.62 12.7) (size 2.4 1.6) (drill 0.8) (layers *.Cu *.Mask)
      (net 13 "Net-(P2-Pad2)"))
    (pad 3 thru_hole oval (at 0 5.08) (size 2.4 1.6) (drill 0.8) (layers *.Cu *.Mask)
      (net 9 "Net-(P1-Pad2)"))
    (pad 10 thru_hole oval (at 7.62 15.24) (size 2.4 1.6) (drill 0.8) (layers *.Cu *.Mask)
      (net 20 /MotorR/PWM_1))
    (pad 2 thru_hole oval (at 0 2.54) (size 2.4 1.6) (drill 0.8) (layers *.Cu *.Mask)
      (net 15 /MotorL/PWM_1))
    (pad 9 thru_hole oval (at 7.62 17.78) (size 2.4 1.6) (drill 0.8) (layers *.Cu *.Mask)
      (net 3 +5V))
    (pad 1 thru_hole rect (at 0 0) (size 2.4 1.6) (drill 0.8) (layers *.Cu *.Mask)
      (net 3 +5V))
    (model ${KISYS3DMOD}/Package_DIP.3dshapes/DIP-16_W7.62mm_Socket.wrl
      (at (xyz 0 0 0))
      (scale (xyz 1 1 1))
      (rotate (xyz 0 0 0))
    )
    (model ${KISYS3DMOD}/Package_DIP.3dshapes/DIP-16_W7.62mm.wrl
      (offset (xyz 0 0 4.5))
      (scale (xyz 1 1 1))
      (rotate (xyz 0 0 0))
    )
  )

  (module lib:PRK22J5DBBNN (layer F.Cu) (tedit 5B58EF34) (tstamp 5F56FF04)
    (at 127.6731 118.5 270)
    (path /5884E5A9/5B591DDE)
    (fp_text reference SW1 (at 2.5 5.25 90) (layer F.SilkS)
      (effects (font (size 1 1) (thickness 0.15)))
    )
    (fp_text value SW_SPST (at 0 -10.75 90) (layer F.Fab)
      (effects (font (size 1 1) (thickness 0.15)))
    )
    (fp_line (start -6 7) (end 6 7) (layer F.SilkS) (width 0.15))
    (fp_line (start 6 7) (end 6 -11.5) (layer F.SilkS) (width 0.15))
    (fp_line (start 6 -11.5) (end -6 -11.5) (layer F.SilkS) (width 0.15))
    (fp_line (start -6 -11.5) (end -6 7) (layer F.SilkS) (width 0.15))
    (fp_line (start -4.5 6) (end 4.5 6) (layer F.SilkS) (width 0.15))
    (fp_line (start 4.5 6) (end 4.5 -10) (layer F.SilkS) (width 0.15))
    (fp_line (start 4.5 -10) (end -4.5 -10) (layer F.SilkS) (width 0.15))
    (fp_line (start -4.5 -10) (end -4.5 6) (layer F.SilkS) (width 0.15))
    (pad 1 thru_hole rect (at 0 -2.25 270) (size 4.5 1.5) (drill oval 4 0.7) (layers *.Cu *.Mask)
      (net 6 "Net-(J1-Pad1)"))
    (pad 2 thru_hole rect (at 0 2.25 270) (size 4.5 1.5) (drill oval 4 0.7) (layers *.Cu *.Mask)
      (net 5 "Net-(D1-Pad2)"))
    (model ${KIPRJMOD}/lib/3D/switch_prk22j5dbbnn.wrl
      (offset (xyz 0 2.260599966049194 10.79499983787537))
      (scale (xyz 393.7 393.7 393.7))
      (rotate (xyz 0 0 0))
    )
  )

  (module Resistor_SMD:R_1206_3216Metric_Pad1.42x1.75mm_HandSolder (layer B.Cu) (tedit 5B301BBD) (tstamp 6118280B)
    (at 173 84 270)
    (descr "Resistor SMD 1206 (3216 Metric), square (rectangular) end terminal, IPC_7351 nominal with elongated pad for handsoldering. (Body size source: http://www.tortai-tech.com/upload/download/2011102023233369053.pdf), generated with kicad-footprint-generator")
    (tags "resistor handsolder")
    (path /59138C67/5B478859)
    (attr smd)
    (fp_text reference R10 (at 4 0 270) (layer B.SilkS)
      (effects (font (size 1 1) (thickness 0.15)) (justify mirror))
    )
    (fp_text value 1k (at 0 -1.82 270) (layer B.Fab)
      (effects (font (size 1 1) (thickness 0.15)) (justify mirror))
    )
    (fp_line (start 2.45 -1.12) (end -2.45 -1.12) (layer B.CrtYd) (width 0.05))
    (fp_line (start 2.45 1.12) (end 2.45 -1.12) (layer B.CrtYd) (width 0.05))
    (fp_line (start -2.45 1.12) (end 2.45 1.12) (layer B.CrtYd) (width 0.05))
    (fp_line (start -2.45 -1.12) (end -2.45 1.12) (layer B.CrtYd) (width 0.05))
    (fp_line (start -0.602064 -0.91) (end 0.602064 -0.91) (layer B.SilkS) (width 0.12))
    (fp_line (start -0.602064 0.91) (end 0.602064 0.91) (layer B.SilkS) (width 0.12))
    (fp_line (start 1.6 -0.8) (end -1.6 -0.8) (layer B.Fab) (width 0.1))
    (fp_line (start 1.6 0.8) (end 1.6 -0.8) (layer B.Fab) (width 0.1))
    (fp_line (start -1.6 0.8) (end 1.6 0.8) (layer B.Fab) (width 0.1))
    (fp_line (start -1.6 -0.8) (end -1.6 0.8) (layer B.Fab) (width 0.1))
    (fp_text user %R (at 0 0 270) (layer B.Fab)
      (effects (font (size 0.8 0.8) (thickness 0.12)) (justify mirror))
    )
    (pad 2 smd roundrect (at 1.4875 0 270) (size 1.425 1.75) (layers B.Cu B.Paste B.Mask) (roundrect_rratio 0.175439)
      (net 21 /MotorR/PWM_2))
    (pad 1 smd roundrect (at -1.4875 0 270) (size 1.425 1.75) (layers B.Cu B.Paste B.Mask) (roundrect_rratio 0.175439)
      (net 3 +5V))
    (model ${KISYS3DMOD}/Resistor_SMD.3dshapes/R_1206_3216Metric.wrl
      (at (xyz 0 0 0))
      (scale (xyz 1 1 1))
      (rotate (xyz 0 0 0))
    )
  )

  (module Resistor_SMD:R_1206_3216Metric_Pad1.42x1.75mm_HandSolder (layer F.Cu) (tedit 5B301BBD) (tstamp 5F56FEE5)
    (at 171.4875 103.2 180)
    (descr "Resistor SMD 1206 (3216 Metric), square (rectangular) end terminal, IPC_7351 nominal with elongated pad for handsoldering. (Body size source: http://www.tortai-tech.com/upload/download/2011102023233369053.pdf), generated with kicad-footprint-generator")
    (tags "resistor handsolder")
    (path /59138C67/5B478842)
    (attr smd)
    (fp_text reference R9 (at 0 -1.82) (layer F.SilkS)
      (effects (font (size 1 1) (thickness 0.15)))
    )
    (fp_text value 1k (at 0 1.82) (layer F.Fab)
      (effects (font (size 1 1) (thickness 0.15)))
    )
    (fp_line (start 2.45 1.12) (end -2.45 1.12) (layer F.CrtYd) (width 0.05))
    (fp_line (start 2.45 -1.12) (end 2.45 1.12) (layer F.CrtYd) (width 0.05))
    (fp_line (start -2.45 -1.12) (end 2.45 -1.12) (layer F.CrtYd) (width 0.05))
    (fp_line (start -2.45 1.12) (end -2.45 -1.12) (layer F.CrtYd) (width 0.05))
    (fp_line (start -0.602064 0.91) (end 0.602064 0.91) (layer F.SilkS) (width 0.12))
    (fp_line (start -0.602064 -0.91) (end 0.602064 -0.91) (layer F.SilkS) (width 0.12))
    (fp_line (start 1.6 0.8) (end -1.6 0.8) (layer F.Fab) (width 0.1))
    (fp_line (start 1.6 -0.8) (end 1.6 0.8) (layer F.Fab) (width 0.1))
    (fp_line (start -1.6 -0.8) (end 1.6 -0.8) (layer F.Fab) (width 0.1))
    (fp_line (start -1.6 0.8) (end -1.6 -0.8) (layer F.Fab) (width 0.1))
    (fp_text user %R (at 0 0) (layer F.Fab)
      (effects (font (size 0.8 0.8) (thickness 0.12)))
    )
    (pad 2 smd roundrect (at 1.4875 0 180) (size 1.425 1.75) (layers F.Cu F.Paste F.Mask) (roundrect_rratio 0.175439)
      (net 20 /MotorR/PWM_1))
    (pad 1 smd roundrect (at -1.4875 0 180) (size 1.425 1.75) (layers F.Cu F.Paste F.Mask) (roundrect_rratio 0.175439)
      (net 3 +5V))
    (model ${KISYS3DMOD}/Resistor_SMD.3dshapes/R_1206_3216Metric.wrl
      (at (xyz 0 0 0))
      (scale (xyz 1 1 1))
      (rotate (xyz 0 0 0))
    )
  )

  (module Resistor_SMD:R_1206_3216Metric_Pad1.42x1.75mm_HandSolder (layer B.Cu) (tedit 5B301BBD) (tstamp 5F56FED4)
    (at 161.3 126.3 90)
    (descr "Resistor SMD 1206 (3216 Metric), square (rectangular) end terminal, IPC_7351 nominal with elongated pad for handsoldering. (Body size source: http://www.tortai-tech.com/upload/download/2011102023233369053.pdf), generated with kicad-footprint-generator")
    (tags "resistor handsolder")
    (path /59138C67/5B475DBE)
    (attr smd)
    (fp_text reference R8 (at -3.7625 0 270) (layer B.SilkS)
      (effects (font (size 1 1) (thickness 0.15)) (justify mirror))
    )
    (fp_text value 91k (at 0 -1.82 270) (layer B.Fab)
      (effects (font (size 1 1) (thickness 0.15)) (justify mirror))
    )
    (fp_line (start 2.45 -1.12) (end -2.45 -1.12) (layer B.CrtYd) (width 0.05))
    (fp_line (start 2.45 1.12) (end 2.45 -1.12) (layer B.CrtYd) (width 0.05))
    (fp_line (start -2.45 1.12) (end 2.45 1.12) (layer B.CrtYd) (width 0.05))
    (fp_line (start -2.45 -1.12) (end -2.45 1.12) (layer B.CrtYd) (width 0.05))
    (fp_line (start -0.602064 -0.91) (end 0.602064 -0.91) (layer B.SilkS) (width 0.12))
    (fp_line (start -0.602064 0.91) (end 0.602064 0.91) (layer B.SilkS) (width 0.12))
    (fp_line (start 1.6 -0.8) (end -1.6 -0.8) (layer B.Fab) (width 0.1))
    (fp_line (start 1.6 0.8) (end 1.6 -0.8) (layer B.Fab) (width 0.1))
    (fp_line (start -1.6 0.8) (end 1.6 0.8) (layer B.Fab) (width 0.1))
    (fp_line (start -1.6 -0.8) (end -1.6 0.8) (layer B.Fab) (width 0.1))
    (fp_text user %R (at 0 0 270) (layer B.Fab)
      (effects (font (size 0.8 0.8) (thickness 0.12)) (justify mirror))
    )
    (pad 2 smd roundrect (at 1.4875 0 90) (size 1.425 1.75) (layers B.Cu B.Paste B.Mask) (roundrect_rratio 0.175439)
      (net 1 GND))
    (pad 1 smd roundrect (at -1.4875 0 90) (size 1.425 1.75) (layers B.Cu B.Paste B.Mask) (roundrect_rratio 0.175439)
      (net 19 /MotorR/ENCODER_2))
    (model ${KISYS3DMOD}/Resistor_SMD.3dshapes/R_1206_3216Metric.wrl
      (at (xyz 0 0 0))
      (scale (xyz 1 1 1))
      (rotate (xyz 0 0 0))
    )
  )

  (module Resistor_SMD:R_1206_3216Metric_Pad1.42x1.75mm_HandSolder (layer B.Cu) (tedit 5B301BBD) (tstamp 5F56FEC3)
    (at 155.4 126.3125 90)
    (descr "Resistor SMD 1206 (3216 Metric), square (rectangular) end terminal, IPC_7351 nominal with elongated pad for handsoldering. (Body size source: http://www.tortai-tech.com/upload/download/2011102023233369053.pdf), generated with kicad-footprint-generator")
    (tags "resistor handsolder")
    (path /59138C67/5B475A4F)
    (attr smd)
    (fp_text reference R7 (at -3.61 0.13 270) (layer B.SilkS)
      (effects (font (size 1 1) (thickness 0.15)) (justify mirror))
    )
    (fp_text value 91k (at 0 -1.82 270) (layer B.Fab)
      (effects (font (size 1 1) (thickness 0.15)) (justify mirror))
    )
    (fp_line (start 2.45 -1.12) (end -2.45 -1.12) (layer B.CrtYd) (width 0.05))
    (fp_line (start 2.45 1.12) (end 2.45 -1.12) (layer B.CrtYd) (width 0.05))
    (fp_line (start -2.45 1.12) (end 2.45 1.12) (layer B.CrtYd) (width 0.05))
    (fp_line (start -2.45 -1.12) (end -2.45 1.12) (layer B.CrtYd) (width 0.05))
    (fp_line (start -0.602064 -0.91) (end 0.602064 -0.91) (layer B.SilkS) (width 0.12))
    (fp_line (start -0.602064 0.91) (end 0.602064 0.91) (layer B.SilkS) (width 0.12))
    (fp_line (start 1.6 -0.8) (end -1.6 -0.8) (layer B.Fab) (width 0.1))
    (fp_line (start 1.6 0.8) (end 1.6 -0.8) (layer B.Fab) (width 0.1))
    (fp_line (start -1.6 0.8) (end 1.6 0.8) (layer B.Fab) (width 0.1))
    (fp_line (start -1.6 -0.8) (end -1.6 0.8) (layer B.Fab) (width 0.1))
    (fp_text user %R (at 0 0 180) (layer B.Fab)
      (effects (font (size 0.8 0.8) (thickness 0.12)) (justify mirror))
    )
    (pad 2 smd roundrect (at 1.4875 0 90) (size 1.425 1.75) (layers B.Cu B.Paste B.Mask) (roundrect_rratio 0.175439)
      (net 1 GND))
    (pad 1 smd roundrect (at -1.4875 0 90) (size 1.425 1.75) (layers B.Cu B.Paste B.Mask) (roundrect_rratio 0.175439)
      (net 18 /MotorR/ENCODER_1))
    (model ${KISYS3DMOD}/Resistor_SMD.3dshapes/R_1206_3216Metric.wrl
      (at (xyz 0 0 0))
      (scale (xyz 1 1 1))
      (rotate (xyz 0 0 0))
    )
  )

  (module Resistor_SMD:R_1206_3216Metric_Pad1.42x1.75mm_HandSolder (layer B.Cu) (tedit 5B301BBD) (tstamp 5F56FEB2)
    (at 164 126.3 270)
    (descr "Resistor SMD 1206 (3216 Metric), square (rectangular) end terminal, IPC_7351 nominal with elongated pad for handsoldering. (Body size source: http://www.tortai-tech.com/upload/download/2011102023233369053.pdf), generated with kicad-footprint-generator")
    (tags "resistor handsolder")
    (path /59138C67/5B475DB7)
    (attr smd)
    (fp_text reference R6 (at 3.7625 0 270) (layer B.SilkS)
      (effects (font (size 1 1) (thickness 0.15)) (justify mirror))
    )
    (fp_text value 47k (at 0 -1.82 270) (layer B.Fab)
      (effects (font (size 1 1) (thickness 0.15)) (justify mirror))
    )
    (fp_line (start 2.45 -1.12) (end -2.45 -1.12) (layer B.CrtYd) (width 0.05))
    (fp_line (start 2.45 1.12) (end 2.45 -1.12) (layer B.CrtYd) (width 0.05))
    (fp_line (start -2.45 1.12) (end 2.45 1.12) (layer B.CrtYd) (width 0.05))
    (fp_line (start -2.45 -1.12) (end -2.45 1.12) (layer B.CrtYd) (width 0.05))
    (fp_line (start -0.602064 -0.91) (end 0.602064 -0.91) (layer B.SilkS) (width 0.12))
    (fp_line (start -0.602064 0.91) (end 0.602064 0.91) (layer B.SilkS) (width 0.12))
    (fp_line (start 1.6 -0.8) (end -1.6 -0.8) (layer B.Fab) (width 0.1))
    (fp_line (start 1.6 0.8) (end 1.6 -0.8) (layer B.Fab) (width 0.1))
    (fp_line (start -1.6 0.8) (end 1.6 0.8) (layer B.Fab) (width 0.1))
    (fp_line (start -1.6 -0.8) (end -1.6 0.8) (layer B.Fab) (width 0.1))
    (fp_text user %R (at 0 0 270) (layer B.Fab)
      (effects (font (size 0.8 0.8) (thickness 0.12)) (justify mirror))
    )
    (pad 2 smd roundrect (at 1.4875 0 270) (size 1.425 1.75) (layers B.Cu B.Paste B.Mask) (roundrect_rratio 0.175439)
      (net 19 /MotorR/ENCODER_2))
    (pad 1 smd roundrect (at -1.4875 0 270) (size 1.425 1.75) (layers B.Cu B.Paste B.Mask) (roundrect_rratio 0.175439)
      (net 11 /MotorR/ENC_R_2))
    (model ${KISYS3DMOD}/Resistor_SMD.3dshapes/R_1206_3216Metric.wrl
      (at (xyz 0 0 0))
      (scale (xyz 1 1 1))
      (rotate (xyz 0 0 0))
    )
  )

  (module Resistor_SMD:R_1206_3216Metric_Pad1.42x1.75mm_HandSolder (layer B.Cu) (tedit 5B301BBD) (tstamp 5F56FEA1)
    (at 166.5 128.5125 270)
    (descr "Resistor SMD 1206 (3216 Metric), square (rectangular) end terminal, IPC_7351 nominal with elongated pad for handsoldering. (Body size source: http://www.tortai-tech.com/upload/download/2011102023233369053.pdf), generated with kicad-footprint-generator")
    (tags "resistor handsolder")
    (path /59138C67/5B475819)
    (attr smd)
    (fp_text reference R5 (at 3.66 0.06 270) (layer B.SilkS)
      (effects (font (size 1 1) (thickness 0.15)) (justify mirror))
    )
    (fp_text value 47k (at 0 -1.82 270) (layer B.Fab)
      (effects (font (size 1 1) (thickness 0.15)) (justify mirror))
    )
    (fp_line (start -1.6 -0.8) (end -1.6 0.8) (layer B.Fab) (width 0.1))
    (fp_line (start -1.6 0.8) (end 1.6 0.8) (layer B.Fab) (width 0.1))
    (fp_line (start 1.6 0.8) (end 1.6 -0.8) (layer B.Fab) (width 0.1))
    (fp_line (start 1.6 -0.8) (end -1.6 -0.8) (layer B.Fab) (width 0.1))
    (fp_line (start -0.602064 0.91) (end 0.602064 0.91) (layer B.SilkS) (width 0.12))
    (fp_line (start -0.602064 -0.91) (end 0.602064 -0.91) (layer B.SilkS) (width 0.12))
    (fp_line (start -2.45 -1.12) (end -2.45 1.12) (layer B.CrtYd) (width 0.05))
    (fp_line (start -2.45 1.12) (end 2.45 1.12) (layer B.CrtYd) (width 0.05))
    (fp_line (start 2.45 1.12) (end 2.45 -1.12) (layer B.CrtYd) (width 0.05))
    (fp_line (start 2.45 -1.12) (end -2.45 -1.12) (layer B.CrtYd) (width 0.05))
    (fp_text user %R (at 0 0.13 270) (layer B.Fab)
      (effects (font (size 0.8 0.8) (thickness 0.12)) (justify mirror))
    )
    (pad 1 smd roundrect (at -1.4875 0 270) (size 1.425 1.75) (layers B.Cu B.Paste B.Mask) (roundrect_rratio 0.175439)
      (net 12 /MotorR/ENC_R_1))
    (pad 2 smd roundrect (at 1.4875 0 270) (size 1.425 1.75) (layers B.Cu B.Paste B.Mask) (roundrect_rratio 0.175439)
      (net 18 /MotorR/ENCODER_1))
    (model ${KISYS3DMOD}/Resistor_SMD.3dshapes/R_1206_3216Metric.wrl
      (at (xyz 0 0 0))
      (scale (xyz 1 1 1))
      (rotate (xyz 0 0 0))
    )
  )

  (module Resistor_SMD:R_1206_3216Metric_Pad1.42x1.75mm_HandSolder (layer F.Cu) (tedit 5B301BBD) (tstamp 5F56FE90)
    (at 146.50212 120.64238 90)
    (descr "Resistor SMD 1206 (3216 Metric), square (rectangular) end terminal, IPC_7351 nominal with elongated pad for handsoldering. (Body size source: http://www.tortai-tech.com/upload/download/2011102023233369053.pdf), generated with kicad-footprint-generator")
    (tags "resistor handsolder")
    (path /5884E5A9/5924EFBA)
    (attr smd)
    (fp_text reference R4 (at 0 -1.82 90) (layer F.SilkS)
      (effects (font (size 1 1) (thickness 0.15)))
    )
    (fp_text value 2k2 (at 0 1.82 90) (layer F.Fab)
      (effects (font (size 1 1) (thickness 0.15)))
    )
    (fp_line (start -1.6 0.8) (end -1.6 -0.8) (layer F.Fab) (width 0.1))
    (fp_line (start -1.6 -0.8) (end 1.6 -0.8) (layer F.Fab) (width 0.1))
    (fp_line (start 1.6 -0.8) (end 1.6 0.8) (layer F.Fab) (width 0.1))
    (fp_line (start 1.6 0.8) (end -1.6 0.8) (layer F.Fab) (width 0.1))
    (fp_line (start -0.602064 -0.91) (end 0.602064 -0.91) (layer F.SilkS) (width 0.12))
    (fp_line (start -0.602064 0.91) (end 0.602064 0.91) (layer F.SilkS) (width 0.12))
    (fp_line (start -2.45 1.12) (end -2.45 -1.12) (layer F.CrtYd) (width 0.05))
    (fp_line (start -2.45 -1.12) (end 2.45 -1.12) (layer F.CrtYd) (width 0.05))
    (fp_line (start 2.45 -1.12) (end 2.45 1.12) (layer F.CrtYd) (width 0.05))
    (fp_line (start 2.45 1.12) (end -2.45 1.12) (layer F.CrtYd) (width 0.05))
    (fp_text user %R (at 0 0) (layer F.Fab)
      (effects (font (size 0.8 0.8) (thickness 0.12)))
    )
    (pad 1 smd roundrect (at -1.4875 0 90) (size 1.425 1.75) (layers F.Cu F.Paste F.Mask) (roundrect_rratio 0.175439)
      (net 17 /Microcontroller/BATTERY_VOLTAGE))
    (pad 2 smd roundrect (at 1.4875 0 90) (size 1.425 1.75) (layers F.Cu F.Paste F.Mask) (roundrect_rratio 0.175439)
      (net 1 GND))
